[N
80
20
17 tpd_datag_combout
24
16 tpd_datad_sumout
55
3 cin
77
32 shift_series_termination_control
79
26 parallelterminationcontrol
2
19 cyclonev_lcell_comb
27
18 tpd_sharein_sumout
56
7 sharein
4
8 lut_mask
71
29 tipd_seriesterminationcontrol
49
5 dataa
48
5 datab
50
5 datac
51
5 datad
52
5 datae
53
5 dataf
54
5 datag
73
8 tpd_oe_o
5
12 shared_arith
15
17 tpd_datab_combout
8
8 lpm_type
57
16 cyclonev_io_ibuf
39
10 tipd_dataa
40
10 tipd_datab
41
10 tipd_datac
42
10 tipd_datad
43
10 tipd_datae
44
10 tipd_dataf
45
10 tipd_datag
69
16 cyclonev_io_obuf
25
16 tpd_dataf_sumout
62
7 tpd_i_o
74
10 tpd_i_obar
23
16 tpd_datac_sumout
76
17 open_drain_output
61
30 tipd_dynamicterminationcontrol
36
18 tpd_datab_shareout
66
13 simulate_z_as
7
10 dont_touch
38
18 tpd_datad_shareout
16
17 tpd_datac_combout
13
12 InstancePath
10
3 XOn
80
24 seriesterminationcontrol
58
4 arch
33
12 tpd_cin_cout
26
14 tpd_cin_sumout
12
9 XOnChecks
11
11 MsgOnChecks
47
12 tipd_sharein
9
5 MsgOn
18
17 tpd_datae_combout
17
17 tpd_datad_combout
29
14 tpd_datab_cout
31
14 tpd_datad_cout
28
14 tpd_dataa_cout
65
8 bus_hold
72
31 tipd_parallelterminationcontrol
59
6 tipd_i
21
16 tpd_dataa_sumout
63
10 tpd_ibar_o
30
14 tpd_datac_cout
67
25 dynamicterminationcontrol
22
16 tpd_datab_sumout
19
17 tpd_dataf_combout
34
16 tpd_sharein_cout
75
11 tpd_oe_obar
70
7 tipd_oe
60
9 tipd_ibar
35
18 tpd_dataa_shareout
37
18 tpd_datac_shareout
78
44 sim_dynamic_termination_control_is_connected
32
14 tpd_dataf_cout
46
8 tipd_cin
64
17 differential_mode
68
4 ibar
1
56 c:/intelfpga_lite/23.1std/questa_fse/intel/vhdl/cyclonev
6
12 extended_lut
3
16 vital_lcell_comb
14
17 tpd_dataa_combout
]
[G
1
2
3
1
33
0
0
0
0
16 1
0
0
0
]
[G
1
2
3
2
33
0
0
0
0
16 1
0
0
0
]
[G
1
2
3
3
33
0
0
0
0
16 1
0
0
0
]
[G
1
2
3
4
33
0
0
0
0
16 1
0
0
0
]
[G
1
2
3
5
33
0
0
0
0
16 1
0
0
0
]
[G
1
2
3
6
33
0
0
0
0
16 1
0
0
0
]
[G
1
2
3
7
33
0
0
0
0
16 1
0
0
0
]
[G
1
69
58
1
75
0
0
0
0
16 1
0
0
0
]
[G
1
2
3
1
18
0
0
0
0
16 1
0
0
0
]
[G
1
2
3
2
18
0
0
0
0
16 1
0
0
0
]
[G
1
2
3
3
18
0
0
0
0
16 1
0
0
0
]
[G
1
2
3
4
18
0
0
0
0
16 1
0
0
0
]
[G
1
2
3
5
18
0
0
0
0
16 1
0
0
0
]
[G
1
2
3
6
18
0
0
0
0
16 1
0
0
0
]
[G
1
2
3
7
18
0
0
0
0
16 1
0
0
0
]
[G
1
69
58
1
10
0
0
0
0
0 0
0
0
]
[G
1
2
3
1
4
0
0
0
0
64 0
2
3
2
3
3
2
3
2
2
3
2
3
3
2
3
2
3
2
3
2
2
3
2
3
3
2
3
2
2
3
2
3
2
3
2
3
3
2
3
2
2
3
2
3
3
2
3
2
3
2
3
2
2
3
2
3
3
2
3
2
2
3
2
3
0
0
]
[G
1
2
3
2
4
0
0
0
0
64 0
2
2
2
2
3
3
3
3
2
3
2
3
3
2
3
2
2
3
2
3
3
2
3
2
3
3
3
3
2
2
2
2
3
3
3
3
2
2
2
2
3
2
3
2
2
3
2
3
3
2
3
2
2
3
2
3
2
2
2
2
3
3
3
3
0
0
]
[G
1
2
3
3
4
0
0
0
0
64 0
2
2
2
2
2
2
2
3
2
2
2
2
2
2
2
3
2
2
2
3
2
2
3
3
2
2
2
3
2
2
3
3
2
2
3
3
2
3
3
3
2
2
3
3
2
3
3
3
2
3
3
3
3
3
3
3
2
3
3
3
3
3
3
3
0
0
]
[G
1
2
3
4
4
0
0
0
0
64 0
2
2
2
2
3
3
3
3
2
2
2
2
3
3
3
3
3
3
3
3
2
2
2
2
3
3
3
3
2
2
2
2
3
3
3
3
2
2
2
2
3
3
3
3
2
2
2
2
2
2
2
2
3
3
3
3
2
2
2
2
3
3
3
3
0
0
]
[G
1
2
3
5
4
0
0
0
0
64 0
2
2
2
2
3
3
3
3
2
2
3
3
3
3
2
2
3
3
3
3
2
2
2
2
3
3
2
2
2
2
3
3
2
2
3
3
3
3
2
2
3
3
3
3
2
2
2
2
3
3
2
2
2
2
3
3
2
2
2
2
3
3
3
3
0
0
]
[G
1
2
3
6
4
0
0
0
0
64 0
2
2
2
2
2
2
2
3
2
2
2
2
2
2
2
3
2
3
2
3
2
3
3
3
2
3
2
3
2
3
3
3
2
2
2
3
2
3
2
3
2
2
2
3
2
3
2
3
2
3
3
3
3
3
3
3
2
3
3
3
3
3
3
3
0
0
]
[G
1
2
3
7
4
0
0
0
0
64 1
2
0
0
]
[G
1
69
58
1
72
0
0
0
0
256 1
0
0
0
]
[G
1
69
58
1
78
0
0
0
0
5 0
102
97
108
115
101
1
1
1 5 1 1
]
[G
1
69
58
1
71
0
0
0
0
256 1
0
0
0
]
[G
1
2
3
1
21
0
0
0
0
16 1
0
0
0
]
[G
1
2
3
2
21
0
0
0
0
16 1
0
0
0
]
[G
1
2
3
3
21
0
0
0
0
16 1
0
0
0
]
[G
1
2
3
4
21
0
0
0
0
16 1
0
0
0
]
[G
1
2
3
5
21
0
0
0
0
16 1
0
0
0
]
[G
1
2
3
6
21
0
0
0
0
16 1
0
0
0
]
[G
1
2
3
7
21
0
0
0
0
16 1
0
0
0
]
[G
1
2
3
1
22
0
0
0
0
16 1
0
0
0
]
[G
1
2
3
2
22
0
0
0
0
16 1
0
0
0
]
[G
1
2
3
3
22
0
0
0
0
16 1
0
0
0
]
[G
1
2
3
4
22
0
0
0
0
16 1
0
0
0
]
[G
1
2
3
5
22
0
0
0
0
16 1
0
0
0
]
[G
1
2
3
6
22
0
0
0
0
16 1
0
0
0
]
[G
1
2
3
7
22
0
0
0
0
16 1
0
0
0
]
[G
1
69
58
1
62
0
0
0
0
16 1
0
0
0
]
[G
1
2
3
1
20
0
0
0
0
16 1
0
0
0
]
[G
1
2
3
2
20
0
0
0
0
16 1
0
0
0
]
[G
1
2
3
3
20
0
0
0
0
16 1
0
0
0
]
[G
1
2
3
4
20
0
0
0
0
16 1
0
0
0
]
[G
1
2
3
5
20
0
0
0
0
16 1
0
0
0
]
[G
1
2
3
6
20
0
0
0
0
16 1
0
0
0
]
[G
1
2
3
7
20
0
0
0
0
16 1
0
0
0
]
[G
1
2
3
1
24
0
0
0
0
16 1
0
0
0
]
[G
1
2
3
2
24
0
0
0
0
16 1
0
0
0
]
[G
1
2
3
3
24
0
0
0
0
16 1
0
0
0
]
[G
1
2
3
4
24
0
0
0
0
16 1
0
0
0
]
[G
1
2
3
5
24
0
0
0
0
16 1
0
0
0
]
[G
1
2
3
6
24
0
0
0
0
16 1
0
0
0
]
[G
1
2
3
7
24
0
0
0
0
16 1
0
0
0
]
[G
1
2
3
1
15
0
0
0
0
16 1
0
0
0
]
[G
1
2
3
2
15
0
0
0
0
16 1
0
0
0
]
[G
1
2
3
3
15
0
0
0
0
16 1
0
0
0
]
[G
1
2
3
4
15
0
0
0
0
16 1
0
0
0
]
[G
1
2
3
5
15
0
0
0
0
16 1
0
0
0
]
[G
1
2
3
6
15
0
0
0
0
16 1
0
0
0
]
[G
1
2
3
7
15
0
0
0
0
16 1
0
0
0
]
[G
1
2
3
1
35
0
0
0
0
16 1
0
0
0
]
[G
1
2
3
2
35
0
0
0
0
16 1
0
0
0
]
[G
1
2
3
3
35
0
0
0
0
16 1
0
0
0
]
[G
1
2
3
4
35
0
0
0
0
16 1
0
0
0
]
[G
1
57
58
1
59
0
0
0
0
16 1
0
0
0
]
[G
1
2
3
6
35
0
0
0
0
16 1
0
0
0
]
[G
1
2
3
7
35
0
0
0
0
16 1
0
0
0
]
[G
1
2
3
5
35
0
0
0
0
16 1
0
0
0
]
[G
1
2
3
1
25
0
0
0
0
16 1
0
0
0
]
[G
1
2
3
2
25
0
0
0
0
16 1
0
0
0
]
[G
1
2
3
3
25
0
0
0
0
16 1
0
0
0
]
[G
1
2
3
4
25
0
0
0
0
16 1
0
0
0
]
[G
1
2
3
5
25
0
0
0
0
16 1
0
0
0
]
[G
1
2
3
6
25
0
0
0
0
16 1
0
0
0
]
[G
1
2
3
7
25
0
0
0
0
16 1
0
0
0
]
[G
1
2
3
1
23
0
0
0
0
16 1
0
0
0
]
[G
1
2
3
2
23
0
0
0
0
16 1
0
0
0
]
[G
1
2
3
3
23
0
0
0
0
16 1
0
0
0
]
[G
1
2
3
4
23
0
0
0
0
16 1
0
0
0
]
[G
1
2
3
5
23
0
0
0
0
16 1
0
0
0
]
[G
1
2
3
6
23
0
0
0
0
16 1
0
0
0
]
[G
1
2
3
7
23
0
0
0
0
16 1
0
0
0
]
[G
1
2
3
1
46
0
0
0
0
16 1
0
0
0
]
[G
1
2
3
1
17
0
0
0
0
16 1
0
0
0
]
[G
1
2
3
2
17
0
0
0
0
16 1
0
0
0
]
[G
1
2
3
3
17
0
0
0
0
16 1
0
0
0
]
[G
1
2
3
4
17
0
0
0
0
16 1
0
0
0
]
[G
1
2
3
5
17
0
0
0
0
16 1
0
0
0
]
[G
1
2
3
6
17
0
0
0
0
16 1
0
0
0
]
[G
1
2
3
7
17
0
0
0
0
16 1
0
0
0
]
[G
1
2
3
2
46
0
0
0
0
16 1
0
0
0
]
[G
1
2
3
3
46
0
0
0
0
16 1
0
0
0
]
[G
1
2
3
4
46
0
0
0
0
16 1
0
0
0
]
[G
1
2
3
5
46
0
0
0
0
16 1
0
0
0
]
[G
1
2
3
6
46
0
0
0
0
16 1
0
0
0
]
[G
1
2
3
7
46
0
0
0
0
16 1
0
0
0
]
[G
1
57
58
1
8
0
0
0
0
16 0
99
121
99
108
111
110
101
118
95
105
111
95
105
98
117
102
1
1
1 16 1 1
]
[G
1
2
3
1
26
0
0
0
0
16 1
0
0
0
]
[G
1
2
3
2
26
0
0
0
0
16 1
0
0
0
]
[G
1
2
3
3
26
0
0
0
0
16 1
0
0
0
]
[G
1
2
3
4
26
0
0
0
0
16 1
0
0
0
]
[G
1
2
3
5
26
0
0
0
0
16 1
0
0
0
]
[G
1
2
3
6
26
0
0
0
0
16 1
0
0
0
]
[G
1
2
3
7
26
0
0
0
0
16 1
0
0
0
]
[G
1
2
3
1
47
0
0
0
0
16 1
0
0
0
]
[G
1
2
3
2
47
0
0
0
0
16 1
0
0
0
]
[G
1
2
3
3
47
0
0
0
0
16 1
0
0
0
]
[G
1
2
3
4
47
0
0
0
0
16 1
0
0
0
]
[G
1
2
3
5
47
0
0
0
0
16 1
0
0
0
]
[G
1
2
3
6
47
0
0
0
0
16 1
0
0
0
]
[G
1
2
3
7
47
0
0
0
0
16 1
0
0
0
]
[G
1
69
58
1
9
0
0
0
0
0 0
0
0
]
[G
1
69
58
1
65
0
0
0
0
5 0
102
97
108
115
101
1
1
1 5 1 1
]
[G
1
2
3
1
12
0
0
1
0
0 0
0
0
]
[G
1
2
3
2
12
0
0
1
0
0 0
0
0
]
[G
1
2
3
3
12
0
0
1
0
0 0
0
0
]
[G
1
2
3
4
12
0
0
1
0
0 0
0
0
]
[G
1
2
3
5
12
0
0
1
0
0 0
0
0
]
[G
1
2
3
6
12
0
0
1
0
0 0
0
0
]
[G
1
2
3
7
12
0
0
1
0
0 0
0
0
]
[G
1
2
3
1
6
0
0
0
0
3 0
111
102
102
1
1
1 3 1 1
]
[G
1
2
3
2
6
0
0
0
0
3 0
111
102
102
1
1
1 3 1 1
]
[G
1
2
3
3
6
0
0
0
0
3 0
111
102
102
1
1
1 3 1 1
]
[G
1
2
3
4
6
0
0
0
0
3 0
111
102
102
1
1
1 3 1 1
]
[G
1
2
3
5
6
0
0
0
0
3 0
111
102
102
1
1
1 3 1 1
]
[G
1
2
3
6
6
0
0
0
0
3 0
111
102
102
1
1
1 3 1 1
]
[G
1
2
3
7
6
0
0
0
0
3 0
111
102
102
1
1
1 3 1 1
]
[G
1
2
3
1
5
0
0
0
0
3 0
111
102
102
1
1
1 3 1 1
]
[G
1
2
3
2
5
0
0
0
0
3 0
111
102
102
1
1
1 3 1 1
]
[G
1
2
3
3
5
0
0
0
0
3 0
111
102
102
1
1
1 3 1 1
]
[G
1
2
3
4
5
0
0
0
0
3 0
111
102
102
1
1
1 3 1 1
]
[G
1
2
3
5
5
0
0
0
0
3 0
111
102
102
1
1
1 3 1 1
]
[G
1
2
3
6
5
0
0
0
0
3 0
111
102
102
1
1
1 3 1 1
]
[G
1
2
3
7
5
0
0
0
0
3 0
111
102
102
1
1
1 3 1 1
]
[G
1
57
58
1
10
0
0
0
0
0 0
0
0
]
[G
1
2
3
1
38
0
0
0
0
16 1
0
0
0
]
[G
1
2
3
2
38
0
0
0
0
16 1
0
0
0
]
[G
1
2
3
3
38
0
0
0
0
16 1
0
0
0
]
[G
1
2
3
4
38
0
0
0
0
16 1
0
0
0
]
[G
1
2
3
5
38
0
0
0
0
16 1
0
0
0
]
[G
1
2
3
6
38
0
0
0
0
16 1
0
0
0
]
[G
1
2
3
7
38
0
0
0
0
16 1
0
0
0
]
[G
1
57
58
1
63
0
0
0
0
16 1
0
0
0
]
[G
1
57
58
1
62
0
0
0
0
16 1
0
0
0
]
[G
1
2
3
1
13
0
0
0
0
1 1
42
1
1
1 1 1 1
]
[G
1
2
3
2
13
0
0
0
0
1 1
42
1
1
1 1 1 1
]
[G
1
2
3
3
13
0
0
0
0
1 1
42
1
1
1 1 1 1
]
[G
1
2
3
4
13
0
0
0
0
1 1
42
1
1
1 1 1 1
]
[G
1
2
3
5
13
0
0
0
0
1 1
42
1
1
1 1 1 1
]
[G
1
2
3
6
13
0
0
0
0
1 1
42
1
1
1 1 1 1
]
[G
1
2
3
7
13
0
0
0
0
1 1
42
1
1
1 1 1 1
]
[G
1
57
58
1
66
0
0
0
0
1 1
122
1
1
1 1 1 1
]
[G
1
2
3
1
8
0
0
0
0
19 0
99
121
99
108
111
110
101
118
95
108
99
101
108
108
95
99
111
109
98
1
1
1 19 1 1
]
[G
1
2
3
2
8
0
0
0
0
19 0
99
121
99
108
111
110
101
118
95
108
99
101
108
108
95
99
111
109
98
1
1
1 19 1 1
]
[G
1
2
3
3
8
0
0
0
0
19 0
99
121
99
108
111
110
101
118
95
108
99
101
108
108
95
99
111
109
98
1
1
1 19 1 1
]
[G
1
2
3
4
8
0
0
0
0
19 0
99
121
99
108
111
110
101
118
95
108
99
101
108
108
95
99
111
109
98
1
1
1 19 1 1
]
[G
1
2
3
5
8
0
0
0
0
19 0
99
121
99
108
111
110
101
118
95
108
99
101
108
108
95
99
111
109
98
1
1
1 19 1 1
]
[G
1
2
3
6
8
0
0
0
0
19 0
99
121
99
108
111
110
101
118
95
108
99
101
108
108
95
99
111
109
98
1
1
1 19 1 1
]
[G
1
2
3
7
8
0
0
0
0
19 0
99
121
99
108
111
110
101
118
95
108
99
101
108
108
95
99
111
109
98
1
1
1 19 1 1
]
[G
1
69
58
1
61
0
0
0
0
16 1
0
0
0
]
[G
1
2
3
1
39
0
0
0
0
16 1
0
0
0
]
[G
1
2
3
2
39
0
0
0
0
16 1
0
0
0
]
[G
1
2
3
3
39
0
0
0
0
16 1
0
0
0
]
[G
1
2
3
4
39
0
0
0
0
16 1
0
0
0
]
[G
1
2
3
5
39
0
0
0
0
16 1
0
0
0
]
[G
1
2
3
6
39
0
0
0
0
16 1
0
0
0
]
[G
1
2
3
7
39
0
0
0
0
16 1
0
0
0
]
[G
1
2
3
7
40
0
0
0
0
16 1
0
0
0
]
[G
1
2
3
7
41
0
0
0
0
16 1
0
0
0
]
[G
1
2
3
7
42
0
0
0
0
16 1
0
0
0
]
[G
1
2
3
7
43
0
0
0
0
16 1
0
0
0
]
[G
1
2
3
7
44
0
0
0
0
16 1
0
0
0
]
[G
1
2
3
7
45
0
0
0
0
16 1
0
0
0
]
[G
1
2
3
1
40
0
0
0
0
16 1
0
0
0
]
[G
1
2
3
2
40
0
0
0
0
16 1
0
0
0
]
[G
1
2
3
3
40
0
0
0
0
16 1
0
0
0
]
[G
1
2
3
4
40
0
0
0
0
16 1
0
0
0
]
[G
1
2
3
5
40
0
0
0
0
16 1
0
0
0
]
[G
1
2
3
6
40
0
0
0
0
16 1
0
0
0
]
[G
1
2
3
6
41
0
0
0
0
16 1
0
0
0
]
[G
1
2
3
6
42
0
0
0
0
16 1
0
0
0
]
[G
1
2
3
6
43
0
0
0
0
16 1
0
0
0
]
[G
1
2
3
6
44
0
0
0
0
16 1
0
0
0
]
[G
1
2
3
6
45
0
0
0
0
16 1
0
0
0
]
[G
1
2
3
3
19
0
0
0
0
16 1
0
0
0
]
[G
1
2
3
1
27
0
0
0
0
16 1
0
0
0
]
[G
1
2
3
2
27
0
0
0
0
16 1
0
0
0
]
[G
1
2
3
3
27
0
0
0
0
16 1
0
0
0
]
[G
1
2
3
4
27
0
0
0
0
16 1
0
0
0
]
[G
1
2
3
5
27
0
0
0
0
16 1
0
0
0
]
[G
1
2
3
6
27
0
0
0
0
16 1
0
0
0
]
[G
1
2
3
7
27
0
0
0
0
16 1
0
0
0
]
[G
1
2
3
2
41
0
0
0
0
16 1
0
0
0
]
[G
1
2
3
3
41
0
0
0
0
16 1
0
0
0
]
[G
1
2
3
4
41
0
0
0
0
16 1
0
0
0
]
[G
1
2
3
5
41
0
0
0
0
16 1
0
0
0
]
[G
1
2
3
5
42
0
0
0
0
16 1
0
0
0
]
[G
1
2
3
5
43
0
0
0
0
16 1
0
0
0
]
[G
1
2
3
5
44
0
0
0
0
16 1
0
0
0
]
[G
1
2
3
5
45
0
0
0
0
16 1
0
0
0
]
[G
1
2
3
7
28
0
0
0
0
16 1
0
0
0
]
[G
1
2
3
4
19
0
0
0
0
16 1
0
0
0
]
[G
1
2
3
5
19
0
0
0
0
16 1
0
0
0
]
[G
1
2
3
6
19
0
0
0
0
16 1
0
0
0
]
[G
1
2
3
7
19
0
0
0
0
16 1
0
0
0
]
[G
1
2
3
1
41
0
0
0
0
16 1
0
0
0
]
[G
1
2
3
1
42
0
0
0
0
16 1
0
0
0
]
[G
1
2
3
2
42
0
0
0
0
16 1
0
0
0
]
[G
1
2
3
3
42
0
0
0
0
16 1
0
0
0
]
[G
1
2
3
4
42
0
0
0
0
16 1
0
0
0
]
[G
1
2
3
4
43
0
0
0
0
16 1
0
0
0
]
[G
1
2
3
4
44
0
0
0
0
16 1
0
0
0
]
[G
1
2
3
4
45
0
0
0
0
16 1
0
0
0
]
[G
1
2
3
6
28
0
0
0
0
16 1
0
0
0
]
[G
1
2
3
2
19
0
0
0
0
16 1
0
0
0
]
[G
1
2
3
1
43
0
0
0
0
16 1
0
0
0
]
[G
1
2
3
2
43
0
0
0
0
16 1
0
0
0
]
[G
1
2
3
3
43
0
0
0
0
16 1
0
0
0
]
[G
1
2
3
3
44
0
0
0
0
16 1
0
0
0
]
[G
1
2
3
3
45
0
0
0
0
16 1
0
0
0
]
[G
1
2
3
5
28
0
0
0
0
16 1
0
0
0
]
[G
1
2
3
1
19
0
0
0
0
16 1
0
0
0
]
[G
1
57
58
1
64
0
0
0
0
5 0
102
97
108
115
101
1
1
1 5 1 1
]
[G
1
2
3
1
14
0
0
0
0
16 1
0
0
0
]
[G
1
2
3
2
14
0
0
0
0
16 1
0
0
0
]
[G
1
2
3
3
14
0
0
0
0
16 1
0
0
0
]
[G
1
2
3
4
14
0
0
0
0
16 1
0
0
0
]
[G
1
2
3
5
14
0
0
0
0
16 1
0
0
0
]
[G
1
2
3
6
14
0
0
0
0
16 1
0
0
0
]
[G
1
2
3
7
14
0
0
0
0
16 1
0
0
0
]
[G
1
2
3
4
28
0
0
0
0
16 1
0
0
0
]
[G
1
2
3
1
10
0
0
0
0
0 0
0
0
]
[G
1
2
3
2
10
0
0
0
0
0 0
0
0
]
[G
1
2
3
3
10
0
0
0
0
0 0
0
0
]
[G
1
2
3
4
10
0
0
0
0
0 0
0
0
]
[G
1
2
3
5
10
0
0
0
0
0 0
0
0
]
[G
1
2
3
6
10
0
0
0
0
0 0
0
0
]
[G
1
2
3
7
10
0
0
0
0
0 0
0
0
]
[G
1
2
3
1
44
0
0
0
0
16 1
0
0
0
]
[G
1
2
3
2
44
0
0
0
0
16 1
0
0
0
]
[G
1
2
3
2
45
0
0
0
0
16 1
0
0
0
]
[G
1
2
3
1
29
0
0
0
0
16 1
0
0
0
]
[G
1
2
3
2
29
0
0
0
0
16 1
0
0
0
]
[G
1
2
3
3
29
0
0
0
0
16 1
0
0
0
]
[G
1
2
3
4
29
0
0
0
0
16 1
0
0
0
]
[G
1
2
3
5
29
0
0
0
0
16 1
0
0
0
]
[G
1
2
3
6
29
0
0
0
0
16 1
0
0
0
]
[G
1
2
3
7
29
0
0
0
0
16 1
0
0
0
]
[G
1
2
3
1
28
0
0
0
0
16 1
0
0
0
]
[G
1
2
3
1
45
0
0
0
0
16 1
0
0
0
]
[G
1
2
3
3
28
0
0
0
0
16 1
0
0
0
]
[G
1
69
58
1
76
0
0
0
0
5 0
102
97
108
115
101
1
1
1 5 1 1
]
[G
1
2
3
2
28
0
0
0
0
16 1
0
0
0
]
[G
1
69
58
1
77
0
0
0
0
5 0
102
97
108
115
101
1
1
1 5 1 1
]
[G
1
57
58
1
65
0
0
0
0
5 0
102
97
108
115
101
1
1
1 5 1 1
]
[G
1
57
58
1
9
0
0
0
0
0 0
0
0
]
[G
1
2
3
1
16
0
0
0
0
16 1
0
0
0
]
[G
1
2
3
2
16
0
0
0
0
16 1
0
0
0
]
[G
1
2
3
3
16
0
0
0
0
16 1
0
0
0
]
[G
1
2
3
4
16
0
0
0
0
16 1
0
0
0
]
[G
1
2
3
5
16
0
0
0
0
16 1
0
0
0
]
[G
1
2
3
6
16
0
0
0
0
16 1
0
0
0
]
[G
1
2
3
7
16
0
0
0
0
16 1
0
0
0
]
[G
1
2
3
1
7
0
0
0
0
3 0
111
102
102
1
1
1 3 1 1
]
[G
1
2
3
2
7
0
0
0
0
3 0
111
102
102
1
1
1 3 1 1
]
[G
1
2
3
3
7
0
0
0
0
3 0
111
102
102
1
1
1 3 1 1
]
[G
1
2
3
4
7
0
0
0
0
3 0
111
102
102
1
1
1 3 1 1
]
[G
1
2
3
5
7
0
0
0
0
3 0
111
102
102
1
1
1 3 1 1
]
[G
1
2
3
3
36
0
0
0
0
16 1
0
0
0
]
[G
1
2
3
4
36
0
0
0
0
16 1
0
0
0
]
[G
1
2
3
5
36
0
0
0
0
16 1
0
0
0
]
[G
1
2
3
6
36
0
0
0
0
16 1
0
0
0
]
[G
1
2
3
7
36
0
0
0
0
16 1
0
0
0
]
[G
1
2
3
1
36
0
0
0
0
16 1
0
0
0
]
[G
1
2
3
2
36
0
0
0
0
16 1
0
0
0
]
[G
1
2
3
6
7
0
0
0
0
3 0
111
102
102
1
1
1 3 1 1
]
[G
1
2
3
7
7
0
0
0
0
3 0
111
102
102
1
1
1 3 1 1
]
[G
1
69
58
1
59
0
0
0
0
16 1
0
0
0
]
[G
1
2
3
1
34
0
0
0
0
16 1
0
0
0
]
[G
1
2
3
2
34
0
0
0
0
16 1
0
0
0
]
[G
1
2
3
3
34
0
0
0
0
16 1
0
0
0
]
[G
1
2
3
4
34
0
0
0
0
16 1
0
0
0
]
[G
1
2
3
5
34
0
0
0
0
16 1
0
0
0
]
[G
1
2
3
6
34
0
0
0
0
16 1
0
0
0
]
[G
1
2
3
7
34
0
0
0
0
16 1
0
0
0
]
[G
1
2
3
1
32
0
0
0
0
16 1
0
0
0
]
[G
1
2
3
2
32
0
0
0
0
16 1
0
0
0
]
[G
1
2
3
3
32
0
0
0
0
16 1
0
0
0
]
[G
1
2
3
4
32
0
0
0
0
16 1
0
0
0
]
[G
1
2
3
5
32
0
0
0
0
16 1
0
0
0
]
[G
1
2
3
6
32
0
0
0
0
16 1
0
0
0
]
[G
1
2
3
7
32
0
0
0
0
16 1
0
0
0
]
[G
1
57
58
1
60
0
0
0
0
16 1
0
0
0
]
[G
1
2
3
1
37
0
0
0
0
16 1
0
0
0
]
[G
1
2
3
2
37
0
0
0
0
16 1
0
0
0
]
[G
1
2
3
3
37
0
0
0
0
16 1
0
0
0
]
[G
1
2
3
4
37
0
0
0
0
16 1
0
0
0
]
[G
1
2
3
5
37
0
0
0
0
16 1
0
0
0
]
[G
1
2
3
6
37
0
0
0
0
16 1
0
0
0
]
[G
1
2
3
7
37
0
0
0
0
16 1
0
0
0
]
[G
1
2
3
1
11
0
0
1
0
0 0
0
0
]
[G
1
2
3
2
11
0
0
1
0
0 0
0
0
]
[G
1
2
3
3
11
0
0
1
0
0 0
0
0
]
[G
1
2
3
4
11
0
0
1
0
0 0
0
0
]
[G
1
2
3
5
11
0
0
1
0
0 0
0
0
]
[G
1
2
3
6
11
0
0
1
0
0 0
0
0
]
[G
1
2
3
7
11
0
0
1
0
0 0
0
0
]
[G
1
2
3
1
9
0
0
0
0
0 0
0
0
]
[G
1
2
3
2
9
0
0
0
0
0 0
0
0
]
[G
1
2
3
3
9
0
0
0
0
0 0
0
0
]
[G
1
2
3
4
9
0
0
0
0
0 0
0
0
]
[G
1
2
3
5
9
0
0
0
0
0 0
0
0
]
[G
1
2
3
6
9
0
0
0
0
0 0
0
0
]
[G
1
2
3
7
9
0
0
0
0
0 0
0
0
]
[G
1
2
3
1
30
0
0
0
0
16 1
0
0
0
]
[G
1
2
3
2
30
0
0
0
0
16 1
0
0
0
]
[G
1
2
3
3
30
0
0
0
0
16 1
0
0
0
]
[G
1
2
3
4
30
0
0
0
0
16 1
0
0
0
]
[G
1
2
3
5
30
0
0
0
0
16 1
0
0
0
]
[G
1
2
3
6
30
0
0
0
0
16 1
0
0
0
]
[G
1
2
3
7
30
0
0
0
0
16 1
0
0
0
]
[G
1
57
58
1
61
0
0
0
0
16 1
0
0
0
]
[G
1
69
58
1
8
0
0
0
0
16 0
99
121
99
108
111
110
101
118
95
105
111
95
111
98
117
102
1
1
1 16 1 1
]
[G
1
69
58
1
74
0
0
0
0
16 1
0
0
0
]
[G
1
69
58
1
73
0
0
0
0
16 1
0
0
0
]
[G
1
69
58
1
70
0
0
0
0
16 1
0
0
0
]
[G
1
2
3
1
31
0
0
0
0
16 1
0
0
0
]
[G
1
2
3
2
31
0
0
0
0
16 1
0
0
0
]
[G
1
2
3
3
31
0
0
0
0
16 1
0
0
0
]
[G
1
2
3
4
31
0
0
0
0
16 1
0
0
0
]
[G
1
2
3
5
31
0
0
0
0
16 1
0
0
0
]
[G
1
2
3
6
31
0
0
0
0
16 1
0
0
0
]
[G
1
2
3
7
31
0
0
0
0
16 1
0
0
0
]
[P
1
2
3
55
49
4
0
0
]
[P
1
2
3
55
49
5
0
0
]
[P
1
2
3
55
51
6
0
0
]
[P
1
2
3
55
49
7
0
0
]
[P
1
2
3
56
48
1
0
0
]
[P
1
2
3
56
48
2
0
0
]
[P
1
2
3
56
51
3
0
0
]
[P
1
2
3
56
49
4
0
0
]
[P
1
2
3
56
49
5
0
0
]
[P
1
2
3
56
51
6
0
0
]
[P
1
2
3
56
49
7
0
0
]
[P
1
2
3
51
48
1
0
0
]
[P
1
2
3
48
49
4
0
0
]
[P
1
2
3
53
48
1
0
0
]
[P
1
2
3
51
49
4
0
0
]
[P
1
2
3
48
49
7
0
0
]
[P
1
2
3
50
49
7
0
0
]
[P
1
2
3
51
49
7
0
0
]
[P
1
2
3
52
49
7
0
0
]
[P
1
2
3
53
49
7
0
0
]
[P
1
2
3
54
49
7
0
0
]
[P
1
2
3
54
48
1
0
0
]
[P
1
2
3
54
48
2
0
0
]
[P
1
2
3
54
51
3
0
0
]
[P
1
2
3
54
49
4
0
0
]
[P
1
2
3
54
49
5
0
0
]
[P
1
2
3
54
51
6
0
0
]
[P
1
57
58
67
68
1
0
0
]
[P
1
69
58
79
80
1
0
0
]
[P
1
2
3
55
48
1
0
0
]
[P
1
2
3
55
48
2
0
0
]
[P
1
2
3
55
51
3
0
0
]
